8837
4037
6106
6488
85
4060
3157
5000
4864
6219
3246
2531
735
2257
6889
4146
3130
2561
5456
8005
2736
975
650
2514
3961
9412
4451
9415
6127
1845
7802
8863
2346
1096
7579
3328
2328
8054
3300
8030
2733
8311
5637
7438
9178
2353
194
7579
2977
761
9809
8983
3307
5915
761
2177
377
138
5134
3094
8690
5790
282
9799
2308
7272
175
1206
5310
786
3359
733
1435
1042
1632
8462
4735
9360
3537
1207
7811
9553
7798
8228
1231
5043
4634
4646
5916
860
6131
1765
3674
9028
640
612
4534
7522
7233
7874
1511
124
1060
6200
8557
2508
2494
7094
7020
7154
8271
3739
8660
6796
8097
7608
1617
5919
5765
5798
7154
6660
4483
4548
7643
3245
2358
9658
1642
8540
7720
255
7513
5017
8067
4568
8121
3306
6333
4700
2908
649
2340
7964
6115
4928
5443
1132
3929
3490
5652
2627
8051
7999
8222
1819
5541
1266
6657
3956
5717
8463
6699
8165
3064
5527
844
637
8523
5552
1483
5938
9959
1056
6400
4360
8407
9572
9887
8493
106
7759
7130
6971
264
3428
4834
2363
1508
2204
7482
8147
2324
8073
9982
1333
9868
2003
4969
3837
7958
3040
7079
9449
914
3342
3045
1127
982
9105
1473
4820
626
9635
9448
3603
2291
2638
9240
9077
6974
7514
1282
2735
9883
538
7730
1440
5171
582
7343
150
8177
7948
3301
5202
9102
830
2176
6027
4967
1362
8261
343
2700
8503
1970
46
6431
1229
8963
1172
9716
2802
4331
5510
6816
1122
3344
7031
6221
9562
5622
2281
3060
1351
4217
8128
7404
2374
2816
935
6691
8117
5256
2657
1319
8978
2528
1366
7583
1665
1768
887
3329
6672
1991
7
1388
9695
9613
7174
3721
6421
6097
9194
4768
6317
901
9052
2493
6781
9262
2066
8406
3695
5454
5624
6650
835
8311
4335
4118
2680
1301
6583
7255
8577
885
4637
920
7939
7941
1739
4772
1152
2199
9871
6825
1228
7746
8808
4431
7151
715
8737
9619
6848
5521
5841
5296
3368
2910
5906
8657
4550
2399
1864
9378
1369
2642
1506
9203
3144
1031
6557
5334
8970
3518
525
1373
3468
4836
1450
3258
3945
1941
1472
657
9270
2870
1684
5553
9472
2574
2852
990
415
2208
4245
6156
6116
2743
1526
1909
9367
2750
9194
179
5462
2158
786
8574
6792
7658
676
3076
7580
9961
8021
833
1331
2335
1384
5339
3814
3810
7230
5372
7981
3478
9274
4715
6129
3141
684
918
2890
2201
2982
9609
8573
1003
3898
4767
9649
7519
4849
2949
9554
3675
7071
5195
8134
5401
5552
2488
3920
9213
9272
2160
9644
8202
2915
8535
3577
8670
5343
3173
9829
4176
8277
4333
6052
3478
2201
4932
8475
4168
725
8573
6906
1115
5403
4438
4901
6271
1818
1379
5653
7372
2857
6527
3653
4469
760
3879
4233
449
7376
3237
9838
2226
9998
3952
1896
2252
5494
1169
5132
4704
6993
2230
4631
3150
1893
6521
8194
8863
9681
9790
4492
7674
317
6021
5740
5464
4755
4718
1460
4267
1964
1175
4657
1884
143
6694
7940
1463
7920
3922
9544
3718
1884
9127
4330
9304
604
5334
6017
3380
2911
435
661
5922
7221
7748
3313
8511
6427
778
6172
5820
4740
5409
8120
9655
3058
1268
9566
1950
8055
2734
740
3389
7797
3022
3841
4285
7344
782
5050
5510
586
3993
5207
7093
7921
7856
2387
8976
9939
1928
7092
5470
9495
8917
8948
805
1334
7811
5656
5485
7561
3885
535
808
2712
9034
1466
4435
436
855
6215
5166
2490
2839
2009
3363
4849
516
193
9944
3873
5814
9009
4070
1763
95
725
4149
207
589
9269
9419
5789
4964
9028
3683
6895
1270
8253
3797
8206
7862
5608
1725
7053
9831
3346
3706
1409
2603
8520
6785
2375
1433
893
869
1104
8779
4404
5973
7984
4126
9793
6839
84
5251
1716
1451
7266
5040
4519
3550
6183
2974
8362
3355
9036
6915
4302
2726
4008
8569
1576
9418
5941
3228
7650
7795
2443
4141
5180
1531
6406
8712
2860
3287
3532
2150
4607
7588
7182
2770
1435
5325
270
8702
5561
6256
1295
7518
8780
6900
2740
6042
5536
292
1544
8233
9585
2888
5420
3752
1796
8415
703
5734
4366
5314
3613
6275
7888
7040
9164
2458
1693
4794
1634
1816
6545
9765
78
1408
2552
699
7468
7907
1024
350
7421
5897
3128
5751
6651
6609
2369
1326
3525
4452
280
1645
9373
9222
9944
9153
5295
1054
5321
5602
2924
1167
4780
1639
9791
3045
5593
5323
9904
3276
1390
1805
5667
5822
297
3490
4572
2615
6078
6036
1113
1685
770
6030
6624
8307
7456
4127
652
7821
8423
4224
5218
6397
1445
3497
6890
7956
2590
5134
8905
4897
1884
7712
7859
4814
9347
1967
502
9680
9440
9507
754
3798
9253
8299
1573
4118
2168
232
8470
1341
1395
4055
4530
4853
5288
6728
3107
6679
5069
4442
9453
5537
1213
4310
3976
7146
5788
8542
1422
6356
5374
5035
7276
5892
235
1768
8730
6212
4828
5163
8608
3600
1281
5871
1435
9577
2289
6305
9523
8426
3471
5343
8033
6148
4678
6615
7611
8752
8306
8280
5953
1421
5410
752
2370
2946
4620
4071
9689
3543
9952
3849
5231
3712
8451
1006
7171
7826
8929
7381
8819
3067
9139
5048
4056
9391
2165
6975
9790
4658
8689
5447
9992
2785
5335
2808
537
3295
3387
5881
4324
2900
9298
7678
3606
9766
6753
4435
3865
1534
1066
7174
9881
2201
9559
3307
48
2322
3824
2105
6649
1821
8143
2896
2377
7584
5081
7987
1079
1629
5321
2154
8980
2056
7201
7514
8815
2362
7724
8059
9621
4470
9206
8406
7984
4957
8027
4424
4426
5980
9958
4620
9585
9475
8627
865
3941
8514
4029
6914
2754
2701
1211
6951
8761
788
3942
1223
8427
8913
3442
9934
6195
6288
5854
9920
5694
3174
3897
4170
2372
2621
6330
1153
987
3156
4899
3743
5112
6580
5148
3345
7233
6911
4053
3543
5073
4044
6882
8971
8255
3150
4464
3760
5070
2463
139
4044
3209
9986
147
7835
7193
3870
1075
6377
5162
482
5499
3290
3954
967
8292
7134
9974
6706
8922
9797
6395
8640
3572
5106
9614
7505
718
6577
5128
8518
7869
4523
4286
1980
5323
1948
5044
3813
9397
6265
5952
3630
8497
7653
5921
3678
3021
4278
7628
8778
5952
377
739
849
9550
3056
9400
2184
3677
3776
7102
4391
3975
2539
4522
346
1941
1723
9289
4171
797
5635
2692
5309
4090
9286
7850
7612
8458
8974
6185
361
1470
5955
5642
5804
8625
9163
5263
3275
6527
8597
4782
9405
6671
2317
9868
1999
2755
7326
9023
4433
6775
136
1830
7521
2874
9046
6395
2823
7617
7011
7016
8468
8342
1842
6178
2740
1593
9604
2228
189
4390
937
2504
9178
8732
8701
2012
974
745
7599
5620
1280
4400
2523
4741
6993
1493
659
8868
8965
4818
3804
7527
5852
5428
9246
2231
4889
6951
2490
9122
17
5012
926
1889
9336
8513
9615
6323
6268
7797
8823
3314
7805
889
7093
3516
8726
1074
4714
7245
7803
7971
1364
606
812
3988
2138
1496
3058
2064
1917
8145
9425
1398
9953
331
7595
4917
9431
8229
3690
7490
4243
369
56
138
7663
2060
1980
6072
7130
5725
2488
4799
2136
8409
714
8892
1418
9850
4415
1694
1256
1208
6376
1084
937
5843
1652
4537
5696
8809
6031
9698
210
5674
6813
857
5652
7006
7009
1662
129
3413
418
9797
5376
5394
9879
5926
2510
780
5496
3400
7619
2147
6782
8470
2319
7045
7394
9090
8464
8653
2295
8983
8653
6778
3588
8069
2548
8910
2911
2512
1338
9025
8968
5587
8753
6561
2590
5158
585
6441
8599
8662
6189
4358
8604
600
7670
354
3996
2300
2393
8778
2234
8112
4048
4650
3165
5755
6889
9266
2751
55
9050
9903
9096
5714
493
188
9152
1850
9717
3376
6785
6009
7040
8207
9038
3755
4709
6664
6955
7980
4267
2594
7806
2796
523
7088
7654
5931
6782
679
8703
7237
1426
1119
2059
2223
8065
7169
9882
5990
9885
9582
6352
4184
8683
4923
9345
8419
8327
1049
1174
4755
4209
4266
1813
9001
5883
4777
9603
9936
7916
3540
9468
9000
8303
3838
3836
8443
409
348
6243
1058
3480
4406
6062
2350
5575
8015
6036
7442
2882
8780
1703
6506
2063
8090
320
9915
9680
6000
6586
5756
5002
4777
2810
8982
2357
7787
1048
2881
8090
3973
3122
8941
5664
1844
6842
9618
7727
5657
301
525
6752
28
6920
4821
9447
1286
8603
4017
4948
2466
9464
7478
9944
104
7506
2633
9593
7550
6859
7926
4320
2474
5901
7932
735
674
1384
5430
5345
9110
9456
9835
7328
2784
8400
9006
4460
9107
5225
8952
5622
3256
8646
4549
5673
2603
9166
3336
3191
6993
9562
4956
2321
7055
3373
2187
9236
6651
8483
3732
2519
2902
7035
9150
7973
9474
9469
1914
2495
9984
6599
2161
8037
6540
5786
1573
2915
5978
2678
524
1568
7794
9459
7264
1421
1552
2334
7752
4783
8517
8462
7909
7106
7998
8976
7522
8629
2006
1842
2420
4914
5938
4947
1241
5014
3037
5160
8490
6902
8834
9856
1770
7284
9117
7679
4149
159
1262
8194
1479
4471
2653
3275
7295
7451
1797
3876
857
6299
2648
5918
1747
2475
9917
7648
6042
7768
4466
2612
4641
1156
1940
6789
3733
5893
9357
5655
3548
9732
37
4386
9573
690
937
2258
6818
1511
5707
6112
6469
1581
1937
8688
4601
9615
7876
9482
9233
318
872
52
8268
9834
229
4204
6312
6312
7807
4247
3131
3430
5076
37
7314
5578
2798
7957
9957
1659
7152
3117
1808
3511
6362
9421
815
7270
4890
9774
2371
1635
8762
6126
7772
7730
2410
9415
963
4251
9960
2687
4215
1244
8972
5825
3884
6182
8697
2044
492
9331
8076
4316
2542
8259
251
1659
9021
3979
5257
6256
5171
5906
3054
4615
2878
3420
133
3909
4844
1888
4330
7155
3518
4734
8746
5315
3995
9325
1238
4241
2056
2627
5145
9899
5992
6296
4594
4117
9522
8861
5172
7624
1168
9621
8821
1224
947
5468
6686
906
4169
8708
5446
5018
2859
2997
3975
1031
32
2197
9759
2347
1370
291
8087
6823
8077
1969
1014
9728
4596
4275
1136
5511
8481
8328
8136
5640
2391
4221
8743
3768
2704
8786
5485
6026
1662
1091
7952
3739
7251
5154
9492
1704
1963
7886
9345
1960
4066
9194
2738
4939
2109
9512
3769
9976
3530
2701
6098
1004
4283
6481
3705
2515
8005
3609
8908
6971
4553
8330
4493
1832
2739
8028
1109
9926
571
9369
8526
2524
633
5114
388
8546
748
1785
9710
4021
8352
7604
6353
6947
77
7103
5557
5919
6685
6698
6327
5883
7763
5646
6405
6814
2921
7810
2392
2758
9523
1764
3917
575
7378
9338
9764
8269
4959
283
4613
2118
7816
720
5349
3169
4573
8246
7130
9448
1514
3460
6931
3413
6663
4545
5671
3834
8347
2350
3526
6930
9482
9934
7920
417
5000
7162
7546
5284
2829
442
9009
4255
2581
5049
4413
3728
663
7041
1048
9354
818
618
9414
4625
3784
7536
4533
1443
2033
6192
8411
8897
9966
6636
8570
9431
4020
7959
4996
8652
2319
6822
1943
2879
9891
8272
32
6186
3768
8245
919
7153
6740
3162
9713
3989
8398
9763
3139
1138
7129
5849
4539
1342
5293
6859
7922
8617
7399
6121
1051
770
7202
1033
8577
5692
4887
7649
2554
8232
4915
9226
2401
397
8159
2258
3477
8014
4728
3290
6020
9714
4698
2545
4973
7041
2567
6718
808
3534
2651
8857
3278
996
4294
7638
1937
36
6178
6474
6235
872
1774
7523
9269
5487
4391
6627
5501
1410
8691
7838
1786
5749
5363
3106
248
9473
3197
9647
5278
1993
875
5352
7328
5212
7167
3904
84
4790
4303
5287
737
1796
8354
6152
9926
5638
892
7262
2364
7529
4943
9815
2394
7263
7253
9452
4605
9284
9449
7574
3275
8399
2659
6120
2011
5870
8729
4666
1204
8075
2954
7717
826
3029
19
7539
7831
108
6654
8109
6804
5662
8984
9865
225
8502
4102
9310
8318
2174
9108
8645
7263
4162
9304
8993
8269
8916
1904
4787
8962
5170
8243
7657
6045
9173
2405
1402
7191
533
8304
7053
5059
3248
4362
1076
8002
9178
4632
9793
1555
3997
5006
2396
1336
7396
269
5505
1715
5313
4430
6067
4740
7852
8321
1944
7334
8505
4688
7966
351
6842
5808
6965
2971
3335
5863
3050
9603
4387
2939
9617
6587
5049
3341
3332
3703
5564
2206
2034
685
4437
219
104
9387
9310
3001
4460
9767
351
5835
7329
6912
491
3141
4481
9070
9299
338
8070
6625
9650
6712
9030
6407
5915
6898
4524
6099
8658
9548
8866
5856
6490
7789
7985
4143
1216
8032
3331
9414
346
6318
3166
8104
8274
5286
593
4127
671
4412
5028
1845
5588
2038
2824
2682
122
2965
3250
5703
5164
7583
1109
9128
5457
6211
5563
9861
5785
8652
2504
2408
4089
7644
2000
8444
8533
6673
3518
8407
8761
2175
6915
3664
2665
4339
6099
6851
4726
3502
2283
5716
4118
8642
6552
6427
2141
8628
1837
1447
603
3648
7801
3329
4305
2871
5641
375
7481
7191
8427
8203
2764
2991
5022
3941
7172
9095
3111
734
3900
3992
4703
2629
830
5382
2584
4103
2504
3732
6847
3948
6337
1147
8121
5608
1144
6358
9843
2934
1453
444
4607
2916
2464
4069
773
9100
8461
8943
2526
7131
9304
3701
2223
8290
7106
7606
7183
5911
6531
7088
6651
5584
101
3795
2216
6891
3372
8120
2082
101
7493
8212
2497
1571
909
8611
1374
1607
6764
4536
9974
1835
7103
9572
2629
5533
8261
8339
885
7907
6812
6562
8292
9357
1483
608
6629
2121
7285
6504
5539
6962
1246
5072
890
1038
4902
315
5605
4693
8292
5781
6380
5032
4802
912
9452
7373
2630
6547
2384
5765
802
7310
5634
1889
2897
1488
2562
2034
7997
6329
2164
798
3625
9360
6618
1073
4477
3064
3903
6781
1328
4083
8154
4557
2621
2428
9246
5754
3849
277
1776
216
2997
2262
9400
2134
4759
9525
1216
9922
5304
2763
9338
5539
6714
4977
7872
3905
4476
4020
6681
9774
4418
9985
1749
768
4734
8514
3716
1381
3819
246
8357
2671
1949
7632
1884
6997
3426
7862
2209
1510
1260
1529
2429
8058
99
6327
8393
5592
365
1379
9636
4680
9710
2385
1242
5239
9673
5659
8918
193
2775
719
3119
5225
7796
2371
9966
360
1329
2922
6975
7928
9341
9870
8317
4600
6817
3729
7635
9286
9292
4283
6664
883
3478
1670
9294
4675
867
2525
9277
9501
2483
4136
3718
6477
6265
8577
9902
1777
1847
9261
922
992
2027
3126
4742
1264
8549
2754
1347
3627
6517
4129
7365
1387
648
6020
782
5540
8826
7172
2915
3299
525
491
9089
8318
4339
5058
8335
2413
7345
8458
6669
1585
8923
1098
5307
6983
8266
5381
3296
9461
8532
9401
865
2131
1482
6451
9286
8910
6204
4743
6240
9034
9039
1024
7579
807
1427
362
3423
9416
8028
3793
3927
5395
3220
1189
1540
4261
8321
3989
5835
7404
553
8671
3134
298
1439
5003
7567
7300
3623
4433
1079
981
9298
3271
2809
4271
2888
2797
9304
5629
5256
9315
9452
2067
3033
9592
8964
4032
8086
4219
4959
2819
5798
4260
6631
1389
3888
6604
9419
9721
650
9983
1354
3230
5698
3056
4724
6736
5137
7912
4907
4444
4410
3924
9050
5481
2381
9218
1446
8540
2642
1164
8593
8080
6394
2963
7668
4434
1796
2754
7221
666
5315
5993
4114
1469
8756
8195
9476
8592
9217
426
1604
7012
5577
6601
3563
9842
4445
6617
3425
5661
9472
2587
3582
8231
5762
8225
427
4132
7115
5922
972
8004
4337
7998
2015
6158
5315
7615
2846
4877
6160
2440
2914
798
8519
7323
8726
6671
8309
6261
3160
9959
6426
8925
1851
6874
8096
8184
4477
7362
749
7158
5294
3091
5528
5591
9875
7510
2457
9343
1533
6530
820
7285
2749
1550
7727
7101
753
1139
5408
3140
1337
8173
574
9180
6699
4297
2197
1110
2455
7560
9353
6437
8536
8391
5414
6533
5008
850
4987
4275
4274
5335
9992
5668
862
337
5185
4993
7181
4714
7088
1867
3294
1188
5445
4806
1279
838
7204
6764
5589
3524
8353
9215
5507
6575
9454
7076
3724
2614
857
9445
7992
252
9861
9841
2522
1766
6836
1258
9496
6885
3549
2779
1929
4749
7532
6839
5710
9996
1600
2271
3290
5224
9741
3790
5959
6750
3491
131
2930
2618
4101
4554
3172
8971
1779
8534
6581
3652
5659
7815
9822
9905
9099
872
1317
637
6166
3824
8846
6339
5964
233
7322
3377
8336
8327
4015
4354
5729
9452
2128
1288
1628
4955
3825
5094
549
1785
5243
5523
5761
8439
5555
6632
6447
7164
3302
1231
2837
7434
8082
6975
280
1665
6096
8305
8819
9820
4804
3701
502
7830
8583
2281
5882
2640
8239
3832
1075
9130
9811
157
8738
3404
7802
8681
9401
5159
480
8984
7773
5544
8307
4724
7101
222
3544
1207
4514
2556
6713
5506
5761
5686
9864
8217
6508
2251
4323
2450
5496
1121
2173
3406
9105
9885
6708
2920
7297
2581
6776
8563
4206
604
8085
6696
8485
9626
6358
4484
8189
5997
3622
6862
630
2275
6060
6314
791
3645
4992
7274
1128
4900
6972
2382
6132
2388
8379
7944
6294
6111
3311
309
5080
4900
1930
5017
943
4595
7101
283
2103
5581
1523
7127
1208
5210
3153
1126
2949
3125
6642
1240
4259
7444
5221
9244
2525
6595
8029
9315
3935
5377
7140
2035
425
2267
4639
1376
653
7021
4895
7878
720
989
1425
8183
7363
5016
1619
255
349
2090
4553
329
318
4639
3277
5299
6565
4042
2943
1958
2555
4240
2681
347
5569
3302
6821
7243
7851
1848
9347
4103
4032
9525
3049
8327
1504
5509
1092
3163
6332
9193
985
8244
6199
7345
9161
3492
4019
7486
8938
5254
5621
3748
1551
5380
1081
7820
6909
4870
3053
8422
6954
5650
1615
3536
5892
7252
9002
3616
1510
7968
5601
1368
123
8103
4362
6224
5768
1708
1181
1834
9724
3727
1827
2530
9934
562
8937
2580
8696
1622
2744
9264
594
5944
6253
2140
1542
9629
4839
3876
3848
1358
9335
9574
6136
8038
7669
1506
4706
3593
3160
107
8945
2704
7966
9726
5744
7968
7301
31
9824
5483
6469
8747
6630
1213
6866
3600
3583
8153
8621
3705
4103
3956
4566
1452
6295
3815
2000
2905
1342
5364
1808
5290
6877
6025
2309
8758
8059
2403
2213
244
7517
7188
6285
3395
1050
8130
4788
1215
7517
4883
8755
7139
8105
3666
7848
1215
7455
5039
5215
6038
8906
4785
9283
8350
6445
4064
4096
6915
6791
8458
7566
6344
8520
121
3695
5956
8296
5267
5798
5555
869
1296
3995
2703
6560
1364
6310
8751
4026
977
4033
4937
507
3258
6758
4826
9699
7475
6772
9494
8211
8127
8427
5983
6650
1933
8787
25
2324
1836
379
4847
4571
6954
2214
4985
5371
8895
233
3248
1800
608
8799
4754
9890
7402
6881
1510
1909
511
8126
6108
3627
2003
8265
8112
4992
6540
1980
3995
7493
6733
273
1938
5532
525
1710
5372
8289
7892
5259
8086
8549
3537
6548
1789
2206
8608
142
9764
9400
9455
7414
5252
3078
6471
2541
2323
9845
5240
728
2763
9488
6330
394
8734
9822
9121
546
5415
5459
14
163
4309
853
6722
6560
937
9878
1454
3093
8207
7933
9577
9612
4336
5887
5917
5753
3487
7789
649
3335
202
7975
4598
9702
3994
8967
459
7890
2811
5006
5319
1867
6514
1463
6160
546
9803
9582
1797
2410
286
2204
9288
148
9040
1841
9502
4092
9485
9555
179
1552
8942
1319
6298
7529
9648
8008
3154
1019
6645
8613
6021
42
5740
9818
3961
5611
761
3065
3518
9468
1730
9279
5051
421
8232
2793
2583
4065
2229
90
880
7800
161
5769
4135
6089
8274
5219
1852
7724
2427
9250
5175
8218
7093
4953
8735
1393
5403
5964
3623
1349
3926
513
2059
8655
9721
140
4414
7206
7561
9577
3371
7128
9796
7419
2300
8736
5640
5666
1786
7126
1410
6256
4652
3856
8692
6748
5468
814
4920
5098
4400
5126
2365
5779
5357
9485
2782
6104
8889
7697
9748
9050
6577
6052
4491
4652
939
2530
9358
6105
1669
3279
3249
7589
737
2184
9749
8402
9187
6622
892
9069
8347
5492
1595
6178
179
5496
983
1768
661
3624
9533
3842
1240
9176
6920
6554
4463
2942
2944
40
3659
7577
1750
4693
5743
9080
6378
1583
6134
3153
360
9371
243
9745
6398
4826
3002
1755
3690
4969
8575
4552
3863
2507
6737
7672
6715
660
1305
9194
986
5221
5535
1241
5992
5336
2173
7972
7476
6204
5051
6446
4687
9104
7295
1633
3140
1636
3945
2798
6425
9893
2707
8051
7205
8534
5233
2128
5775
631
8324
5111
6382
8946
5093
9722
4852
572
4166
1815
4958
6007
849
229
2182
7187
8211
4940
5570
3825
5474
5098
1435
9422
904
1745
9774
4081
7823
8460
9583
7233
7152
9758
3449
3736
6127
7250
7198
7953
2903
7275
182
5209
7106
4507
3648
5219
733
8290
2493
1622
8951
3125
8628
907
2893
6645
8061
8060
4666
5776
3670
4888
3834
9508
8061
1618
7928
1540
5491
9536
2054
3755
436
6673
8577
5709
1788
1419
6398
4295
3979
5180
6973
9640
8746
2994
6380
7340
6388
262
1926
3399
6092
34
9103
2665
4519
9149
4624
130
712
1636
3894
8078
6161
4110
4350
5754
4593
1176
4772
7588
1136
7066
4348
4706
8316
563
5520
9154
6448
4390
8209
449
4208
7119
3470
7029
8375
835
4470
5903
4478
9104
8277
1887
6409
2809
583
210
6556
8744
1684
3246
7567
7146
3321
8743
4607
6202
6924
7902
2155
4882
9411
1886
8313
1496
6943
9751
2089
7095
8398
5683
2804
4586
9640
7898
987
6395
302
7276
3809
8015
8343
91
2908
1985
3578
3837
1798
6346
4414
2102
2354
6806
4466
8009
7462
8122
1681
6091
6023
1016
8095
755
5845
6441
1245
8949
8362
7268
1628
3353
6822
2102
4912
5007
6250
7303
1494
4817
7368
8878
2539
9869
8009
4705
5772
3009
3117
916
6654
2226
5561
7176
1772
2110
7812
5280
3649
9679
5953
4187
4434
7758
6578
8101
2758
3540
6860
2636
8926
9958
3856
5294
9658
1491
7684
8833
5025
4214
3943
5684
7855
5625
8918
7125
9994
7102
3262
5660
7004
2909
3067
2080
3164
8608
2826
8321
7688
3055
5051
5151
9226
884
8120
6856
5383
1255
7524
5155
650
5142
977
7308
9810
9482
8316
3645
5372
4478
349
1570
5680
7533
5260
5536
920
163
3818
6234
9170
6679
1691
747
2791
5848
1435
7976
5607
567
9228
9313
3511
2479
5508
30
4404
8595
7852
6799
4206
4749
7904
6140
7997
5745
2510
5564
4557
7518
2534
4661
7562
9188
4951
1464
2039
6350
9576
7574
9166
8592
9043
6797
8224
3295
9115
2396
2654
8565
9106
9785
1478
9221
6747
4928
9474
7946
7386
5265
1124
3177
2776
220
2376
6051
4645
9312
5400
4271
3687
6787
8591
1224
4991
4723
8556
5777
5433
6220
5065
7689
2503
258
9375
8375
8680
2638
3632
8258
9962
423
5777
8163
1426
6351
9515
1875
4655
1099
8195
3496
730
8190
1681
863
8387
2941
7899
4379
7140
8750
2649
7351
4658
8585
4771
8017
5098
661
6340
8574
7922
7255
4985
4827
8590
3835
9488
4155
5345
3860
5764
3546
5757
699
7104
2361
1414
5633
4436
2536
632
6954
170
1012
8880
3902
1080
8480
8493
8991
2094
5291
5162
669
5576
8276
9219
8092
369
6451
7086
5433
6724
5131
605
2570
3560
5799
7961
2182
2534
201
3980
2058
6106
4304
2606
1925
6849
703
9511
9544
4600
5310
4848
909
7644
2060
1408
79
2037
7361
1387
2930
3551
5633
5292
6242
1862
4461
9850
3712
1905
7414
7981
5460
6683
5477
748
5824
6253
9624
2442
1866
6542
7470
1717
4428
2193
8443
2963
4176
1881
7376
6272
3149
7612
7347
1598
7280
9890
1184
4086
8391
7211
6766
3202
5021
1235
8674
1244
845
2008
7645
5408
4043
4785
6090
1669
8475
6283
8621
537
1824
9390
4191
9466
332
4509
3596
3098
9480
3726
8803
8017
9069
9140
2544
4882
6553
2464
9828
3009
6520
1172
9019
1062
7579
9995
9391
9842
9706
1963
4341
5485
5984
8821
7601
8637
4745
1421
2262
2090
7677
9247
7997
1823
2840
7409
1286
6886
6766
3628
4877
6600
9289
8053
4516
6805
5142
8836
4675
5123
2197
2622
2278
3322
1837
1421
1187
6921
9814
4966
424
9768
1334
8912
3456
9342
331
9773
3150
9844
2994
6817
594
3528
2136
8639
5719
1095
6305
9250
1089
6453
8274
3529
7770
9483
4020
4405
9547
6911
297
8512
7210
1518
4969
5204
4582
906
2328
3937
1565
8090
8450
4966
2434
6880
6887
3114
4370
9557
5111
288
7738
9372
1298
2127
2745
9579
351
1123
2974
9314
1928
8904
5480
6353
9818
4752
2766
897
3708
7701
1053
8987
2651
2428
7751
3009
9903
5252
7967
7994
9933
6151
8465
5528
6886
6491
2794
7138
7831
6108
6261
4640
413
7005
6877
4026
386
758
9710
1109
526
2125
248
1493
9543
7161
8610
3726
9099
8638
7211
7315
8706
4250
1891
3892
2627
9654
7380
61
3862
6986
8983
9395
13
6156
1203
102
734
5465
9543
161
1964
3958
210
7207
9046
3598
9643
4160
3929
4228
100
5967
7365
9216
6693
4212
8377
8143
6813
2302
9177
4232
918
1624
6553
4403
1184
9643
4466
5628
5789
5089
6745
2995
4828
1213
2695
1022
6189
607
2061
8062
8510
8907
9145
2433
8074
2701
4917
7215
5675
9334
1666
5306
4856
2972
2356
5680
9939
9888
6903
7198
3885
2126
7033
4831
9765
8388
2538
5425
3562
3899
1059
7569
1813
8105
2261
8271
2188
1743
6781
5505
8576
7515
3979
7187
7517
4400
2007
2837
5354
6297
389
3416
4091
401
9066
6031
5274
1077
8405
2621
1957
7240
6813
6791
2257
2138
2369
2684
7816
666
9093
5355
9932
7849
3313
4878
7187
4632
7083
9355
3996
4371
4828
6310
2642
9327
5184
7060
2844
6
2225
4010
8952
2208
2572
6819
9392
1413
7248
6701
2053
2524
2065
7756
6821
2926
1891
3349
9758
6812
4319
1900
7409
4379
8135
2270
7221
3106
7526
3965
2005
2991
8094
9334
2313
469
55
5436
399
4529
828
5087
3827
8717
6363
9760
4784
1703
2946
1889
8042
6194
8571
1406
3707
4982
979
9866
1298
6747
5414
3560
145
946
8537
4457
6708
1172
3719
554
1237
4999
7319
3509
2679
4988
9487
1020
2577
9966
5130
2508
1055
2432
2301
320
5880
8645
8132
8546
6748
9121
1015
255
7944
9359
8474
8077
976
7185
455
3652
8925
63
6232
8375
9175
7841
9433
4024
9592
2436
8630
4936
7049
7947
1972
1386
595
5047
5941
1105
5634
9736
3321
5054
8533
4370
7001
4860
6920
1717
3962
4622
1938
9721
5725
4544
8718
2521
5087
9475
2118
3218
9961
7218
840
4002
3967
9615
2424
7482
5707
2095
8087
4625
6466
7660
4748
4542
9756
1593
8782
7936
8427
1216
5215
7625
592
8696
895
2256
4349
1081
6890
7271
9557
4151
939
6237
2599
190
731
4704
9010
3510
8188
2465
5941
5976
9876
159
1284
8595
3791
2079
731
7352
9598
1404
3576
8204
9772
8227
6290
8643
4011
6796
5717
8450
434
6007
8147
6011
6998
6315
3524
7270
6870
7401
1687
410
7977
8667
5765
9337
5550
8686
7584
4575
4393
1781
9494
1874
1204
7624
6333
7897
6407
780
6249
2260
6058
2526
5976
2846
3830
7451
4298
9620
1541
363
5649
9003
8648
1390
90
1918
3299
8697
7025
5139
2360
1811
1599
3032
3761
6350
9969
5527
3099
8769
7930
4752
2153
2748
3308
9854
2798
2196
6134
4648
673
9540
784
8964
7253
4422
8002
2003
2917
9840
9478
9845
4888
8578
1783
1413
5564
9600
9419
7552
9717
4313
1835
684
7356
3752
6071
5952
1330
3224
9978
3937
66
5515
9964
7673
7288
5176
2952
4919
8009
2184
4153
6347
8124
4171
1677
9363
6876
3439
9045
2273
3437
2268
3503
2556
8420
2766
6941
6264
6265
4588
7694
5687
6035
2009
6797
8679
6
5686
1029
1854
8087
1878
6662
9714
193
2075
3888
1877
3893
760
900
6058
3937
1520
1095
5342
8159
7320
8759
8071
7449
7998
9907
8887
8327
8795
6730
4811
2233
4744
3993
3482
3079
9339
4212
4288
1614
6020
3532
9728
6912
1384
5562
2150
4714
4494
1451
9867
4268
3988
9972
9945
4007
8651
5618
5403
2824
2738
2627
2154
2097
6144
1790
9313
2363
1673
4032
8700
5120
1808
6161
8977
3935
5559
3299
1612
2351
8799
2596
1771
5341
9013
9820
5495
501
9367
257
8385
8744
8703
9450
9170
6308
8581
6680
5624
7551
2926
5321
7470
8149
755
734
8165
1699
7632
9669
607
3922
4224
3430
6851
4631
6054
5100
5236
1852
4217
8390
1997
9564
7304
5992
6990
8797
5571
1424
4232
6368
8597
9935
9024
9358
5189
2914
9391
6341
5924
2136
9883
3644
6079
9832
4586
7615
6680
3701
5256
1
5238
9938
6473
4411
758
4266
8080
7955
964
354
7476
67
3061
1077
3907
3705
3745
8846
286
2718
5568
9383
96
4389
6428
8278
8507
7390
135
4616
729
725
6412
7301
2836
5692
40
6086
8733
1479
425
1360
9074
8960
6786
7463
7040
2623
7114
7965
6912
2782
6883
2069
5967
3713
9994
3576
8504
5833
304
3786
9007
9126
2941
5365
4729
3414
4997
9902
2226
3594
7490
988
351
688
9257
7543
171
9753
6754
3351
1809
455
9100
7666
7234
8098
2100
2243
5804
9178
4984
8365
1988
3035
450
5526
8319
3965
6761
6121
6788
5734
3632
3478
7811
7846
5137
4926
1226
5619
1643
1610
1324
7271
3962
1061
6705
5603
7132
6238
5598
372
9754
580
5033
1343
5551
1921
6695
3290
2786
5469
1500
2181
8857
5948
6925
1986
7880
7256
9222
1925
5780
8217
8929
7587
3712
9140
6444
9045
7828
8420
2855
860
7595
3721
899
9255
3629
7424
9940
9008
4008
1834
718
186
7369
559
7280
1377
4539
8275
6437
7695
6262
9438
5566
9124
388
7155
7008
6737
4165
3190
8398
5670
4644
9945
4556
6363
6178
702
3304
5755
5416
7443
6014
2051
2071
3076
8568
393
844
2178
1411
4251
2076
7450
9868
9318
4006
5713
512
5055
6846
8380
8503
6147
2540
9708
8399
3574
5611
1430
349
9250
9579
2627
5511
7819
4062
6131
7980
6715
2878
8248
6793
1802
2986
1931
2659
7879
9928
8719
3399
5620
2342
8833
6106
853
8635
9921
6583
3996
617
5249
3518
5933
5944
9555
9703
6980
1929
6720
1999
7984
201
9052
5724
7897
8769
8176
1545
1090
2653
9871
1605
8501
9876
4915
6818
7301
6368
2775
5480
3999
3035
7314
2532
9619
4995
4198
7602
6458
7219
2177
1785
373
6618
4740
3964
8128
2626
7848
5618
3217
7326
3465
1866
9083
5451
10000
6204
4518
7160
8812
9663
3291
4379
2574
696
2327
9697
84
7820
6683
6905
3428
1812
1557
4457
3276
8319
5492
6945
4673
487
1305
8391
9004
7815
8608
9517
7873
6946
959
149
1687
5490
8622
9785
3102
8741
8316
9631
9851
2103
927
5985
5819
7169
5665
5299
1739
2280
7839
2340
6087
4672
1663
8544
960
2155
8966
3556
9451
4073
7612
6989
1475
4560
2968
8007
9541
1881
4117
9664
5093
6181
6936
6344
2995
9748
872
2200
5654
6667
6069
6133
6541
7717
3717
6503
9876
7413
44
6101
9496
4056
9453
4581
3473
3950
3127
4376
2918
4312
63
7446
2785
9112
9088
613
1347
5575
6806
605
6014
4927
8867
6256
6096
9405
1971
693
219
8299
4621
5270
2468
3947
3731
5485
4402
6008
1435
5695
3295
2553
9020
9662
2746
6846
446
9249
456
5800
2228
1235
4446
6807
3015
3037
6386
7351
3742
7313
3187
3661
4975
1344
4598
7710
3197
3435
684
6976
9547
5837
4054
9689
4140
8082
7987
2789
2541
7375
9688
6248
3316
3499
7233
4216
4255
1956
4920
3253
3963
4565
5563
2148
6278
4220
3721
2293
4928
4854
5149
4012
3785
4689
9669
9141
9425
6182
1213
586
2953
1805
2131
996
2412
3136
1897
7604
3048
4514
8632
8042
7038
2042
2766
7643
9037
7036
5708
4730
2883
5619
7006
1876
7845
3214
2429
551
5658
8205
6129
1183
5545
8559
2011
3831
6496
8632
8225
6687
3456
7273
7676
3442
2627
4668
8474
5653
4035
4771
4251
7361
4003
1906
8977
9473
8606
504
4081
7386
7061
1963
8141
3460
778
823
2349
8660
2827
5226
4237
6917
5791
9385
3036
7181
2862
213
9169
4935
2882
652
7744
377
805
7665
8971
9723
8308
944
8530
1917
2881
2534
7559
4745
9041
5690
9223
9784
4511
1833
8581
888
2021
8828
8984
1488
6300
4331
343
4564
9595
3507
390
6267
8462
5383
5638
3315
7528
5628
3561
5292
6349
1839
5375
931
5572
5915
1553
1756
4667
6028
9966
3728
4889
1912
667
1587
4983
2398
585
5674
9632
8992
4106
8802
1153
8062
3600
7240
9034
5089
864
9758
4880
6604
4884
110
6494
2225
221
2519
533
2768
6500
153
6252
9716
7588
574
773
5211
7171
4496
5300
3311
6060
3886
2239
9095
9325
1240
9563
3853
3871
403
6828
2203
8625
7551
8611
1852
7130
2241
8002
7740
509
9272
4777
5674
6385
5000
4575
4486
1485
7310
2278
5915
6239
5933
968
9600
3498
533
4549
7871
5024
7403
8599
923
256
5955
4381
2827
7257
7173
3857
6933
4845
19
8735
9508
9840
8399
8576
5595
2387
942
9858
8062
4154
4257
1997
1278
4393
5645
5378
2574
7977
2942
8718
9833
4448
8799
7304
2919
3374
4029
3994
3075
4351
9156
1598
3118
3072
5531
3288
1727
9785
5562
6867
9227
5163
7574
8375
6839
6367
8919
2868
1861
2538
2605
379
7516
5726
3761
1221
1347
525
3001
3837
3368
1233
9978
6975
2858
4157
6133
2146
1499
6633
9002
687
2643
3588
7850
5349
3248
4549
5288
8125
7143
409
6998
9908
3234
6004
596
8245
1133
5373
1425
2370
6803
911
2665
8634
2429
1283
5229
750
8109
5331
1313
5875
142
5485
3587
9977
3521
3295
8280
7701
8515
1285
1380
3507
8722
6224
7137
1784
9517
9713
8443
5139
1234
8836
769
2813
9594
6945
4650
4578
8256
5840
4476
5694
281
3921
1876
2687
5158
4441
3722
8470
1618
1027
9594
404
7301
8880
9431
2314
3670
3595
6556
2376
4012
6041
1583
8168
7805
8186
1822
6088
6770
6741
4995
3242
4379
4720
4329
1140
5520
6848
482
2943
4192
7901
8610
1946
5121
3308
2710
2385
2243
8241
8809
7751
8833
6841
8483
3950
1738
7950
6067
4591
5733
2221
9238
8224
5319
5502
1737
4834
941
1768
7094
9012
9488
7152
8720
9447
2909
2389
6465
3209
5766
4867
7431
8885
2540
7548
5860
2629
6624
9870
4815
6649
3195
7526
3085
5176
703
4013
4902
677
3793
8440
9438
5768
6565
1707
2221
9133
2207
4600
3082
1993
1774
3383
8352
66
8627
9833
3466
1671
3595
450
5495
234
8498
1234
6265
3200
7832
805
7693
4176
3467
7452
881
7036
621
581
6622
365
9044
1723
9166
2698
9326
3683
5065
191
8580
2207
2272
3198
6896
6407
7759
3020
5144
1307
4846
1309
8693
1672
7711
8922
9787
8888
526
3307
4403
6209
2098
4813
3025
3595
2317
8267
319
967
4652
9946
9740
6621
8928
4827
188
5528
9624
5421
5102
9340
9509
4624
3775
9430
8945
2235
1003
344
3856
3337
1795
1832
1546
5657
999
5464
1671
8246
7135
8160
8677
4131
8794
7861
8787
8401
4252
4369
5267
8729
5993
2432
166
4085
4843
9834
7342
9401
6991
6069
4868
5427
6365
7094
1764
686
1217
98
9289
5848
14
1490
6234
2394
4303
8479
4606
8645
9676
6211
9757
2368
4653
1855
2386
7179
3616
9449
6512
5824
212
9492
8292
2615
5698
9254
6125
9025
7884
8535
4680
3007
9308
3024
925
8978
2605
9206
9774
4325
6186
7845
3446
9326
2765
6750
1890
7957
7659
4977
2439
7400
5575
5608
3106
2279
3018
9130
9768
6492
6782
2517
2874
8663
6819
4510
2588
8675
3542
5756
9314
8434
8165
3599
4743
5065
8001
8329
4001
1057
8339
7375
9981
5395
4575
3025
2820
5007
762
2834
956
4157
523
5713
5133
1547
6755
1924
3831
487
8332
3712
1892
1254
2180
240
7551
1475
8865
888
7849
763
4525
8591
5260
4933
6270
5252
4299
2501
1873
1648
4770
2866
7999
9241
9602
3227
1979
9539
6937
5221
882
9390
7748
479
9078
1680
8576
7191
5016
4183
2546
7752
2573
479
5211
3006
3085
7951
5825
261
6483
9362
3177
594
3595
5671
3659
153
1485
2701
1059
9482
1478
2969
9650
4905
3483
7398
2361
6979
3884
5980
9778
5902
6763
1370
6071
6370
7380
9749
7463
1189
7012
3501
1891
9182
967
8576
5827
968
6275
9760
6074
1021
5153
9244
6399
8117
3563
7658
3889
28
7103
7666
3707
4229
9252
8374
4110
7878
8309
5517
4997
7789
1070
162
7846
707
4971
679
7293
5867
1913
1158
4123
5491
7044
4662
8912
7365
7511
4512
8529
3458
1426
1514
8901
5689
5736
3973
7841
3060
2668
4986
1960
3173
8810
7405
8592
7132
1373
3391
785
8011
2374
1099
4044
4270
4813
3950
3829
6894
4738
5984
9012
8974
498
2457
2182
2846
4243
9455
4508
3322
2744
9701
2664
9835
6089
2955
4890
6356
4727
248
6242
7999
4770
6049
911
9
1891
9582
9006
9228
3842
7530
1481
6848
9467
779
6066
7630
794
384
8281
4656
4270
9634
6864
6473
2617
737
7773
724
1330
6527
5972
3973
5288
3205
4559
8960
3797
6608
4150
7384
211
2821
5600
1640
2335
1345
1830
6502
684
6522
5289
7805
245
5696
9961
6505
2053
9464
796
6269
2317
6842
7176
2652
1122
5990
9825
7790
7079
6394
8381
4712
620
5902
9790
2780
7632
5914
5034
6321
6521
5669
5622
6057
4309
3177
7818
7054
9438
1120
1825
1637
4599
9315
3315
2885
1128
7414
9264
8499
4440
843
5742
305
4993
6148
8677
7922
8001
8028
2448
6413
364
914
9597
318
9092
1042
2193
3865
7201
5272
1512
4377
6325
1310
1389
9377
5346
7800
4593
8122
5757
5286
6373
7487
2607
8188
9929
9120
8902
2141
378
1778
4829
9146
2669
4863
4939
1459
4651
8240
6108
4507
1604
668
49
1469
7097
9076
5791
1994
8562
1521
9459
3368
5570
7062
2043
6584
7975
493
3165
4508
4116
6000
1672
5370
7877
2331
4057
2444
8572
9404
4481
4722
1839
1940
2894
1021
2741
7545
5042
8195
8468
1504
6366
3900
7408
9631
7000
1141
6141
8462
1674
9568
2613
5864
7412
4491
5370
6947
9280
5002
3969
1814
9262
1774
8052
9174
2553
2484
9488
7569
1369
5163
4760
8174
1116
5669
5268
3549
8446
2229
6595
628
3990
4748
2339
4591
9924
8123
1018
4973
2487
3613
7420
110
4672
9219
2643
6809
5873
2084
8879
6813
4044
3888
1071
8326
5076
1848
5861
2510
3695
3388
517
9113
2747
9888
5869
5382
2468
1033
8409
4598
9400
225
8699
2340
8679
8908
6440
3668
6357
9154
7671
2598
5049
7198
7495
8812
3760
2896
95
1288
4500
7100
3745
5026
8345
3187
9363
8230
1242
6017
7506
2672
913
8000
7148
805
1589
4639
2170
7868
6731
6011
7786
7231
2104
9260
3213
8328
2972
5338
1447
1578
1603
5716
1426
4973
2394
1528
2169
5007
5176
2737
9498
9724
7870
8045
3820
2513
5555
3952
4574
9950
2718
3385
3586
8319
1611
1173
2460
4678
8577
918
3519
4034
2189
9462
3444
7019
904
819
9913
9127
545
3758
7901
6855
9287
992
9517
1506
8742
3205
446
9032
1133
5975
4275
7903
4780
6591
6935
8234
9832
7973
55
6666
5198
4025
8817
3831
3293
8076
2751
1117
3240
7664
3813
6057
7621
9144
1960
7977
7290
3856
7053
2597
9725
7935
7890
2122
5957
9976
6243
2703
2012
990
5760
6453
7381
2275
1602
4215
6663
6871
8832
9923
958
24
7240
579
2523
4510
1048
2373
7944
2761
1863
1268
9809
62
1534
4925
5090
1828
2868
7916
4427
5841
8442
8550
3526
6927
6304
8424
5466
4855
4336
5480
3571
8408
7636
7122
1452
2796
9664
4922
7795
6932
3996
1543
4947
9579
6913
4545
6756
9477
4224
5834
3978
5447
9710
3174
2812
6628
636
6086
4753
7787
5167
6766
8627
6995
4614
738
9834
1326
6797
9055
3712
6135
5982
4637
7391
9410
6278
5279
1874
8059
5341
6347
5978
2324
4170
4820
7082
431
1729
9790
3854
7101
9042
4422
2535
5059
5332
5797
3119
2299
6318
2869
2564
4130
3053
5123
6493
7836
5902
9129
4920
2646
8983
8425
3207
7829
9446
6042
5814
4200
5895
1029
935
7955
5212
2137
857
4628
1345
6025
7725
221
1841
1757
8071
1213
1780
8426
4660
1673
4462
6962
8892
6827
3861
9261
502
7829
5958
8867
6482
1524
5398
3427
6515
332
2236
874
9183
9291
1904
2282
9327
2073
6772
2061
6283
7785
9197
3726
8325
4275
3665
2093
5657
5317
1319
8721
9787
5027
4660
9747
9033
1837
3454
3081
9753
6428
4674
2568
4211
8289
9808
5168
1004
2540
9050
9772
8346
804
8877
6652
4710
4371
6567
1005
1616
7189
5443
450
5574
8403
5202
1372
5981
8152
2171
3722
5430
8989
8276
2739
9906
9999
8123
5994
4236
1976
4601
9305
6504
6742
6039
4829
2244
1335
9739
2472
8374
2466
109
5078
3606
8350
8218
270
6388
9804
6077
5663
3728
6614
530
5394
8853
4764
4199
5115
8295
7943
2641
2041
9211
9675
2826
7653
3861
4752
3021
4732
4267
6261
1592
2928
5682
5728
7167
9743
3105
2839
537
8460
4345
9162
7014
9797
124
1171
9145
4760
9984
9150
4384
3315
2494
5976
7137
4061
1971
2203
3567
9799
3783
1637
5515
4582
1391
1167
8312
4871
4669
590
1390
7241
3933
6908
8779
1368
4493
9369
5523
5509
1683
4161
1033
1363
6054
2724
4005
5552
8937
5212
415
4207
5508
2709
1976
5062
1440
9054
5117
5082
4961
2764
4054
2985
8057
3441
95
7583
527
3532
3657
9610
7131
2191
5035
4050
8178
3851
3149
1821
4046
7981
5485
741
80
2563
2033
8113
4668
9160
5983
3404
2306
9054
5293
1200
7439
5466
8633
1049
7844
141
91
4522
9260
382
8219
1180
5334
9187
60
3450
4301
2741
1973
9470
7776
3232
302
3587
9231
5519
5556
5269
6858
8767
3435
953
2923
5883
8268
5017
4317
6356
8546
3147
9016
126
259
6111
3219
6163
8268
6717
4505
938
6993
9700
6398
6340
6151
9605
3695
1955
2732
3495
9566
1952
7663
1337
788
8039
1703
5503
6181
7274
9933
8640
1218
1322
3495
2920
7662
4093
7760
4138
55
8049
3818
3269
8131
9734
4988
8778
1940
7053
3911
4072
4546
7123
2797
8451
4589
9462
4417
8698
6638
6977
4116
4753
9243
2570
1316
5279
6297
9623
828
6421
7004
1161
3316
4405
727
6878
6791
8558
139
862
3370
2921
5446
603
5307
7689
4860
8383
8511
6763
1235
9752
9456
2792
7694
478
2923
6991
9349
3686
6080
1764
1025
4382
1222
976
7929
1940
7942
9650
6720
7183
363
8802
7802
5194
6802
8798
5614
7786
6912
3968
4000
4508
4929
6891
5107
9211
4997
3683
207
9233
3980
7299
2985
1998
9877
1538
2197
7324
3037
6565
8816
9544
1418
8431
7669
7432
871
9433
2714
8614
8811
928
6017
7990
9729
5248
7288
1644
8965
5520
2483
2088
2683
6344
1368
5499
3521
6250
5136
9932
8260
6633
5354
616
6141
432
2585
2687
9711
8241
5188
8759
5539
2793
9498
9155
2032
118
6365
1747
8910
6870
3129
7716
9477
1683
2164
7629
1566
8731
4032
834
9478
4294
7657
6275
4927
1127
6090
4788
8695
4127
4927
1320
9092
6660
6337
5419
851
7176
5497
254
7216
5904
695
6066
5132
7565
5671
806
4877
1065
256
4296
8212
2481
6742
4650
2686
3064
8170
391
2652
2829
6873
7502
5686
3938
9060
3684
9135
7115
9627
7392
4397
7175
9759
3782
6607
7475
5911
7481
5039
3298
9255
5780
3997
7650
3101
2276
5102
4530
9422
768
9592
5571
8731
1672
7992
8855
6576
858
1448
3024
5092
9214
2769
3862
2498
5269
5441
4063
2991
5422
7635
4431
5072
2596
9334
357
4895
5098
5754
1931
888
2714
2144
8324
6988
1804
143
8299
8463
1176
2302
3967
5970
7643
3689
9406
2234
3650
2976
427
5548
2275
4904
7503
8973
7234
7337
8783
9324
4000
2200
3123
3827
7815
8841
968
9716
4337
775
1414
777
7506
1372
9794
7988
7173
5529
5613
9517
2533
8401
9294
102
4907
9390
8291
1950
6355
5536
5864
3898
9089
2490
4000
2599
9076
8456
3175
1369
6574
3170
5091
6946
296
7289
3355
3006
6916
3878
8542
9858
7150
7386
375
889
9990
7025
3887
8328
2802
8417
8495
6585
5731
6033
879
16
9049
6842
6847
7676
8776
4079
2735
5239
5203
7618
6238
1759
6193
7793
1048
2785
5169
1157
8393
9495
2982
767
3647
3877
8043
8111
1533
8079
8072
7745
1622
2913
142
3899
5001
7477
9790
6758
7890
6944
590
3351
3038
2334
5208
7082
3091
3416
5212
6790
6634
3052
953
5376
4865
8220
6577
3540
7302
7484
2941
1255
2186
454
99
803
9150
3718
71
1938
2735
8533
4970
3810
8935
4380
2232
5
5929
3005
2999
815
5080
9081
8110
7819
2515
3712
1065
9428
9367
9416
1385
4194
896
3197
8985
8327
2214
4432
9455
913
5455
2191
9650
7300
9898
7973
7660
5355
367
8794
162
8399
9035
2933
7913
9463
9152
408
1970
8640
9489
9736
8735
5953
5809
1711
9090
6553
8425
8815
9192
7241
6839
6315
2560
3308
4366
3839
8801
2707
2468
1758
4927
7884
3466
7817
8462
6538
3608
4761
8270
6700
630
2098
7393
1807
9887
1553
4690
9942
2385
258
8647
7117
6029
8537
2199
6969
7203
2163
9660
7365
4760
570
303
9239
797
1688
2608
1260
8004
6325
2772
2199
8538
5286
1331
789
8987
4463
8413
4329
9735
4618
1563
7183
2907
3792
7791
7244
1315
3637
9565
2410
7101
5064
8741
4416
8013
1772
8107
6719
6401
2443
600
8180
5151
2207
3480
6422
621
4869
8641
6245
9564
8874
9406
4186
5008
9555
8885
1602
1607
9025
2636
7684
6512
5343
5927
1687
3375
7103
4893
487
9260
2416
1728
8916
4355
3773
3232
179
782
2270
7121
5425
8439
1913
1979
6644
4016
419
5287
2718
946
3740
5173
920
4945
6956
4280
4753
6356
1845
7374
9141
2118
2587
6780
3202
8195
9166
8617
2841
5398
1437
8080
9632
2677
2939
8250
8630
3024
9042
8397
2262
4012
6029
5029
5626
9414
7906
862
8097
6834
1752
9923
7966
9832
7764
7394
5550
8823
6794
8154
5990
1590
2967
9984
9332
9379
5853
5177
4036
5529
7973
6338
4460
5047
4624
5406
1593
27
3912
3139
8898
4744
6508
6293
4268
3313
6846
6816
8641
5738
5127
1822
4123
2399
9511
9908
9653
4723
9794
4459
4466
1725
9187
9126
9354
4369
9410
7426
8834
2877
4746
1892
9435
2495
2063
131
5163
579
9877
4150
7820
4935
8257
8546
3092
1325
6837
2618
6085
2932
3143
8830
8761
3517
9830
3263
3521
5362
4572
5186
174
4898
3294
9905
9404
3344
881
6230
3729
7047
5877
3685
6313
1465
7679
3279
2428
5777
9324
1719
6257
9548
1108
6590
9149
4055
1164
5177
362
9121
4567
6409
2290
684
6638
3389
9661
9841
1074
7271
565
8213
7485
7987
8670
1622
7262
3849
2039
2459
3857
8232
1473
9832
8813
678
5430
7025
2522
5629
7971
97
922
2363
1028
4785
345
6806
8699
9601
9447
2955
9090
9388
820
7055
9334
9767
2064
2244
7882
452
1481
7518
7131
283
4890
7883
4329
570
3580
970
1920
4777
4714
2422
4982
9545
3467
7621
5653
6583
6822
9696
8163
3980
4656
547
5769
4850
1715
806
9704
9192
7300
8538
6598
4841
6602
3002
9080
297
8767
8436
3931
1234
1329
4048
7017
5615
6776
5600
6777
7682
6083
4905
6892
1825
9389
6259
7124
9852
52
8069
5383
5688
9551
8405
7134
1700
8080
2971
7577
4115
4567
148
3888
3468
5468
282
1060
5871
2481
8620
8119
2650
1900
7238
6840
43
8939
1359
8765
1046
1865
9963
5962
1231
6233
9747
6156
3417
7037
6085
6694
5240
9092
5656
2176
5266
865
957
4302
2846
7386
3310
4986
2587
4571
3171
6529
7412
5833
1220
532
877
2494
9686
1987
823
7321
5104
615
1103
4080
7829
9933
8117
2855
2368
6678
7370
459
5408
1997
2486
2046
3180
8449
6583
6035
3586
9620
1395
7685
7763
3160
125
8246
5209
9153
4435
394
5785
8413
5609
8481
8026
1657
7175
410
1604
6463
5302
7889
8200
2807
978
3856
1271
6560
8041
9152
2745
9006
9637
9443
7399
8635
173
8035
7022
4937
3185
1545
1522
4911
8977
6896
4745
3562
1546
1727
3822
1276
4772
4967
3328
4752
6817
2669
8590
7210
3507
6115
3991
2749
3640
7607
8780
8051
8287
9667
4441
365
7966
5268
9637
6989
9283
6907
1119
7731
3683
9121
4490
430
402
4520
4767
3087
1141
4551
5117
1585
3467
3076
510
6370
9430
4604
3634
7253
9916
4235
4330
4859
1160
8764
100
2529
4095
8072
5490
668
8615
3639
426
3113
5849
1944
2087
9850
914
46
7649
1577
5779
8764
2661
7176
5607
7321
2831
9733
3359
8101
4765
4300
5915
7215
768
4114
5774
8827
3856
4679
2788
6750
3031
6385
2929
4443
7622
8314
3585
7306
2295
5982
8301
9406
5752
9410
4436
2935
1233
1230
3410
8967
5138
1698
1182
2809
9654
8688
5689
9168
1894
2155
4283
5891
9759
3359
9322
563
6113
7720
9178
1122
2896
5540
9666
2150
8119
5833
2897
2103
8344
5225
6967
760
76
8599
248
1800
887
5884
4532
8743
3280
8888
5431
2088
3650
5901
8084
4522
4141
4740
6804
6946
5911
7002
9578
9191
9018
8411
6276
9083
1801
9008
7518
7577
7677
1539
4534
4194
9411
1619
4792
5848
9377
3192
2268
7012
2273
4102
9148
8233
8842
4489
8471
8104
7878
1209
3996
6422
6468
2122
7074
2715
5795
6399
8564
3297
6326
6175
3676
6691
1852
2285
4997
3515
2508
9719
1061
609
7644
4239
7162
6920
1937
6853
3591
9788
9153
8464
8614
3405
8497
7871
4525
5911
2970
5782
1593
5032
7629
3473
2354
1458
5870
9365
214
3889
708
7556
983
2618
4514
5009
1917
5985
7047
8291
8125
260
7413
675
2079
8433
943
9910
4581
5463
6059
2198
1138
3657
7859
9880
4954
7795
2130
8427
346
3343
8798
2797
7799
3866
8631
69
7065
1790
8606
1910
7520
4881
7524
9987
8995
1951
2307
3966
3201
8606
283
5017
4840
5833
4536
2984
6590
455
8832
7050
9088
2679
6823
404
5173
6641
6240
4754
9587
1315
3521
6751
9442
328
597
4786
5795
3630
8052
5080
9858
8021
4299
8761
2645
6775
4874
3659
7236
6595
6173
8384
7791
528
4221
6528
4966
1707
764
8926
5782
9173
3757
3472
2287
689
7134
7716
5574
8267
1697
2972
163
586
8182
1541
7446
7869
5243
7075
8058
8630
6023
4352
6176
9120
5949
9398
9681
2254
4414
334
4153
8181
7766
3442
6179
1680
8529
8977
4399
9839
6934
9769
1541
558
5567
9611
2439
7782
7073
2523
1905
7284
3600
4843
1651
1372
8
1150
9731
7851
6685
9299
1367
4174
4384
9664
7870
3171
4401
4820
3392
1630
1925
7511
6487
7059
2386
8045
9803
9290
1271
9796
1847
8156
6708
6252
3366
9163
2327
2350
3557
9767
4893
5089
7528
9430
2335
1541
4206
5887
4352
8634
5020
1275
308
6768
1214
4030
4524
3806
2889
3520
8178
972
5214
6429
2140
3122
102
9064
5967
7808
420
2957
1450
7589
1816
8281
5791
6861
3974
2962
5616
6975
6496
2704
3588
6658
2088
8988
8025
2278
2339
5182
7465
7019
7394
1548
7571
4323
2033
8498
7438
2682
53
7528
4835
4408
1234
7206
5525
8707
3074
4785
3604
1059
4
2142
9785
4308
8013
7767
437
3488
8419
2842
8398
4682
505
2635
9327
2935
6832
1864
6202
4673
1127
4748
1423
749
9312
5912
8694
5814
9180
8636
2833
8199
3337
3237
670
3809
7184
3337
337
9786
2815
7282
8391
2106
5629
1284
3828
2439
4952
6881
2685
3238
4515
5730
235
146
1100
985
821
6651
5289
7311
2348
1647
3182
3052
8327
9068
9758
5295
9999
3539
8082
97
7426
6983
3492
2211
5619
4408
986
5632
1160
6797
9188
5236
1471
8657
6551
6867
4219
7370
3700
61
9918
3911
1481
4232
1309
8102
3113
2621
8152
2986
6341
2678
2962
6299
5280
7368
7032
8192
4557
1504
8412
1834
5780
5916
9491
2718
712
7036
7734
3935
6179
2121
6719
4115
4827
53
3308
9170
573
5515
7995
2431
8758
7696
5873
1545
1161
7697
5268
2981
1542
2700
8402
9391
5100
7880
1649
457
6760
8924
4752
1996
4086
4365
7773
2009
9139
8961
3992
8014
1477
858
3923
7464
7763
1407
7722
9461
3449
4834
3165
899
889
6432
287
5904
196
1632
2614
2650
4785
5304
558
4801
5721
585
1298
3902
6841
7667
9168
8570
8077
85
2068
5071
6769
3587
738
9975
7136
1589
9411
3924
1080
4082
1180
2788
5120
6966
6145
4239
6399
4131
9549
2778
3555
7133
5115
7187
4617
670
529
3333
6076
9538
7989
4115
1024
7290
3800
9782
9386
6293
9442
7248
855
9690
6639
1151
9779
358
5399
3214
3868
8574
9604
3738
2503
7155
8004
629
6070
4317
2219
8867
1630
9025
9163
9127
48
3603
4168
9958
9777
6583
4081
3301
250
4979
7592
3303
6560
8640
6543
3364
3418
2388
4299
1399
5167
2444
8431
2968
7966
3171
9759
6861
8582
9911
5034
7415
3447
5761
2523
2382
7519
5269
2685
8993
8173
774
7735
6429
9481
2925
2279
9164
3427
7586
3606
1956
599
5132
1624
7515
3612
3139
2424
1504
285
158
9932
6246
4000
7923
973
5962
8644
2438
7723
6679
7209
846
4669
4508
3548
4516
3533
6281
8927
2424
167
180
4237
5064
9893
4491
9825
8987
7961
7699
2410
3664
3463
7918
7675
6192
1660
2757
6385
7568
5129
5974
6860
4896
9724
7950
6496
1340
3570
3032
9154
7376
1623
7955
7301
8438
3687
5304
1528
5159
8634
1588
5043
2496
3196
370
6113
571
1072
2078
8639
9341
5934
3123
3908
2636
5747
6254
3360
5860
7452
9333
6685
1334
805
8436
6398
3435
9158
4202
4378
3339
164
7169
2955
978
2252
496
5969
5714
9697
1420
3432
8557
5905
1187
742
4585
7610
6668
6122
2844
764
7117
573
7860
194
5678
3918
8609
1260
4423
4309
7042
7405
1866
1977
5998
4959
9733
5769
3020
3946
9021
7362
4797
9194
4372
8810
890
4789
6048
4361
6954
5485
9172
580
2102
847
9522
5487
9023
439
937
9829
263
297
2199
9444
9045
8664
2351
2724
7905
3589
6146
8063
8778
6862
9318
5339
5604
764
4118
1176
241
9212
8810
4494
571
5848
276
8461
5653
242
8932
1494
6549
3079
5251
765
8058
8947
2350
5967
7975
6441
5807
9838
1598
7154
3943
1087
1516
444
7163
1436
4795
5652
9970
571
5238
2160
6913
1034
5542
4551
9205
6572
7023
3597
5254
7870
778
4785
7946
2438
4408
6115
3012
8669
5250
3130
9650
3451
6793
72
7189
6166
9816
5206
4835
7843
3309
6865
6302
2866
2183
3887
7833
8
2470
3486
6172
8329
3295
320
8886
562
12
2196
4800
3243
8586
4895
9599
1121
5080
9568
4451
7772
3137
7153
7137
5079
9320
4285
7079
3535
9349
6645
5717
675
8986
6422
8005
5541
2653
2869
7025
3107
6235
2519
5457
9438
5892
3224
9392
8297
7794
7194
1411
6398
7296
7745
379
6446
6863
1056
2323
2313
8706
1387
9021
6597
9807
3802
1379
682
4631
7694
9142
6501
4676
328
2032
5202
6962
4455
3321
6974
3249
6755
3463
3679
2643
9305
1599
8800
5771
5541
6385
5214
9994
4708
963
2983
158
9833
8322
2047
5304
2681
5600
1983
8612
9618
7019
5137
5623
1532
3260
3401
2511
1228
128
2559
9807
2227
3547
7772
6018
2759
1935
1196
429
2611
6398
9078
3583
2983
717
2711
3032
1560
6680
6968
1308
2048
3853
9707
2409
5293
4224
9077
6581
3095
5125
4887
917
4739
5160
4669
2166
8394
3470
250
7657
4633
2785
5298
1728
683
4734
797
8439
5180
1244
5492
8067
3800
8322
6568
2721
446
352
111
1920
4098
4293
1324
4981
5231
1425
2084
6656
1423
7971
3696
7031
300
8778
1809
3996
7947
6808
22
8519
8717
1849
9558
7675
9614
814
7184
7592
2952
7945
2114
2221
4198
6818
2036
5456
3063
4677
4580
5750
7547
4790
4389
6430
3084
6565
3225
2101
1991
2983
9996
1183
8999
5791
4642
5919
1922
323
7000
3280
7863
2191
1768
4148
3382
7579
9177
562
9066
3244
7663
1697
1075
6246
8647
4421
4687
738
8380
7954
3425
7363
9714
2887
1255
9740
6291
4746
8087
5606
6396
2344
5742
1435
2792
3687
4374
6600
749
149
5433
9001
4230
7441
533
215
9363
7187
4347
5658
6740
9921
5673
3541
7645
218
2148
9114
3101
761
1670
3461
3450
8491
4507
992
9010
2353
1598
2435
7051
932
9353
2759
1964
9930
4318
7456
6201
4386
2385
5164
321
38
9253
6612
5067
7101
8534
750
585
123
9559
2686
4275
1018
9153
5706
6570
9989
3555
11
796
2437
6984
6794
806
1260
2872
2053
8257
8180
6038
2837
9748
8479
6298
542
4714
8573
4106
5651
3293
4348
5052
8614
3596
5927
7649
281
6017
3405
7965
2319
5610
3944
3529
9230
3192
130
1070
2453
372
5317
9128
4460
143
5996
7669
5043
6499
7755
87
8593
7443
5424
2972
8195
9612
5605
5015
1965
3484
8674
8345
1160
9677
1303
1566
3067
5575
9824
7445
7735
6348
6252
2494
706
9226
7078
6315
3433
9863
1535
2875
482
2420
5958
4059
9485
7562
6507
8496
1194
2615
3901
4723
4405
6828
3779
9584
6653
2685
7079
2680
804
6834
5520
9300
7687
7907
2773
8693
3174
5479
3541
8320
9425
3193
9806
6654
9090
3690
9242
1487
9909
551
3479
9195
2411
7276
8258
3440
4972
7348
6929
3184
3868
787
2102
4534
4783
2471
210
2745
2303
2073
2224
7541
6152
5896
3852
337
9258
6549
3554
4812
7331
6976
8546
1661
1463
8833
8952
3478
775
5356
7998
5638
5607
4057
3601
6651
9577
7934
6543
9489
5122
9256
2408
7939
9172
9411
2492
1344
4776
5611
9934
2032
8675
5912
1303
2085
3447
5996
8805
1225
2592
7017
4119
3360
9991
5733
8855
9105
9393
9431
7844
4101
9649
5869
9245
5729
9411
4306
1369
1101
4832
525
7443
6103
4013
2437
9884
6836
2068
9973
3361
3383
7857
2552
497
8432
5212
663
6166
7074
7243
8134
5198
9627
4516
7385
8187
6771
2788
7390
5519
1855
5140
8020
9174
4293
3287
346
3675
190
8267
6912
1338
4164
7835
5293
8592
5880
3296
8629
6303
6512
3850
2560
1398
614
2712
5582
627
8981
2724
5626
9107
650
1480
4724
6874
9137
769
5467
9206
4073
3438
5867
7742
997
9051
5183
6218
9538
1361
2620
2730
957
385
3317
7824
7190
9254
6697
4537
266
8420
7164
1695
7208
6140
4678
3131
4495
9888
8204
3296
9399
7750
